125.392550196 0.00141842121003 805 297996.753873 16.3619184133 4791.22617988 2.59417977804 305115.010964 16.9399032112 338 0 0 0 0 23.1814439258 7.55468976453e-05 100.557574575 9.45796772987e-05 -0.000181963513584 -0.00154132527479 2.80790435738 0.00014292848667 137.408151141 2519.21799114 0.138085921196 51.2221646016 0.02190509979 4520.92064175 0.255111936914 1656.45102554 0.0 0.0 0.0 0.0 0.19564829364 6.48089551924e-07 0.848612229109 8.12529176317e-07 0.00465258687638 0.00797254523755
148.24859647 0.0024867914458 1924 303219.644581 16.8178688838 5390.72063907 3.00858907048 306748.147117 17.3064625189 442 0 0 0 0 23.110789952 7.3327311035e-05 100.410666663 9.38681214676e-05 -0.00138890670434 -0.00453756302511 9.66833631675 0.000416348258866 473.138457536 2834.32818262 0.154773947575 94.6876495692 0.0278134722638 2821.33468111 0.159793823443 1897.72653457 0.0 0.0 0.0 0.0 0.214048993306 8.60585055976e-07 0.923840650692 1.13060005102e-06 0.0279405509294 0.0620964023003
206.707324968 0.00354243993194 5141 264928.271589 15.977171147 4134.49756252 2.95661088262 271913.665573 16.6786363174 345 0 0 0 0 27.0870337897 8.08577532944e-05 96.6686805891 0.000109762676825 -0.746494362001 -2.58917069938 26.2923553974 0.000741635358309 1256.89140342 17095.7782306 1.02784970739 273.213638071 0.190038636694 18344.7424303 1.12612836573 1749.53279478 0.0 0.0 0.0 0.0 1.74246177722 5.24815311452e-06 6.21411641446 7.25328805632e-06 4.66725774066 16.1928413492
294.684125331 0.000679333499194 9588 280348.865174 15.7768687045 5727.11000932 2.54572813735 286258.95665 16.4397963199 468 0 0 0 0 25.4943413362 7.84517910286e-05 100.777950422 0.000100226022285 0.0142917971516 0.0243890918315 27.3885395668 0.0013131525212 1261.51020606 15525.2703923 0.863245740761 641.541505491 0.139854032264 15894.6179107 0.915367495144 1966.51824299 0.0 0.0 0.0 0.0 1.39095032692 4.40864776087e-06 5.49830805876 5.55632979418e-06 0.0172516788563 0.0363591577127
375.834413173 -0.001871529329 14112 276842.545365 15.4610407627 5060.00382574 2.16650351134 283198.698061 16.1855375057 297 0 0 0 0 22.4797002486 6.9775349869e-05 101.963619126 8.00337417226e-05 -1.09499997177 -4.90672093161 33.2892408094 0.000533941015944 1269.30453399 18220.7096833 1.01762329527 450.999808371 0.142780730605 19188.4513105 1.09682483683 1610.26581657 0.0 0.0 0.0 0.0 1.48244620067 4.6952769012e-06 6.71104540711 5.31867196917e-06 5.1427982172 22.6852973411
480.763175407 0.00111736779032 18689 294288.663432 16.3120174124 5478.55815436 2.8473564301 298677.317935 16.8726217577 423 0 0 0 0 22.6968147919 8.23000701343e-05 98.2241466358 0.000106598637497 -0.0291065464844 -0.0586347265926 29.0537235332 0.00133490510225 1337.72044912 9613.82995776 0.526317409423 518.301483882 0.0928221026396 9762.00623605 0.551933395851 1904.03177494 0.0 0.0 0.0 0.0 0.732121365545 2.78599088162e-06 3.16685771092 3.65731222581e-06 0.359844977525 1.5065855957
573.098786239 0.00361977694028 23267 272153.928909 16.4651474556 4305.20646881 2.7511175763 280018.427886 17.2312820507 290 0 0 0 0 28.1031610716 8.46652638021e-05 100.253330301 0.000114658518458 -0.00230795854676 0.00483230656413 28.1639337858 0.000573269364732 1269.59324195 7743.73228524 0.46186008461 134.05560013 0.0767646763961 8140.12317249 0.503361103322 1555.63395437 0.0 0.0 0.0 0.0 0.787437301801 2.45285997552e-06 2.79911432178 3.63266137379e-06 0.0774153589763 0.136784838191
662.485891173 0.000746852537128 27696 283108.761121 15.9979321481 5794.27704821 2.36528196209 288996.178307 16.6661923702 417 0 0 0 0 26.0051013463 8.09951670002e-05 102.815702224 0.000103276837278 0.0116633739759 0.0234260562592 28.482182803 0.00131653904578 1262.95368086 10113.3670216 0.554773789269 568.20258592 0.0826666204338 10014.6062273 0.581874929583 1867.37730521 0.0 0.0 0.0 0.0 0.895066592283 2.97918980794e-06 3.53867441944 3.68161068823e-06 0.0121424874379 0.0371943444942
737.222005864 -0.00203391285423 32296 279000.707171 15.6097093229 5294.84874524 1.97468753209 285307.657403 16.3239259804 223 0 0 0 0 22.778197452 6.88268517201e-05 103.323606472 8.36673517597e-05 -1.03507349573 -4.57263235479 36.7067828865 0.000458984923237 946.565370167 14698.2764278 0.821266675962 345.599571094 0.10396819591 15466.4895462 0.885400306467 1455.64453078 0.0 0.0 0.0 0.0 1.2004853346 3.76671751801e-06 5.43552791646 4.45399426938e-06 4.99350637303 21.9227950454
845.50854024 0.000873370485666 36620 294540.152462 16.3045210254 5683.25966332 2.48267767703 300300.6118 16.9411384375 443 0 0 0 0 22.8407715944 8.43293468196e-05 99.0577833642 0.000109747689378 -0.0635345910866 -0.194516950064 30.378174533 0.00137418334841 1376.40292066 7118.78958955 0.388203861885 544.692766098 0.0604948837888 7267.72991851 0.410633739318 1929.10860244 0.0 0.0 0.0 0.0 0.543319690046 2.12873819262e-06 2.35502698582 2.83324574538e-06 0.931976919852 3.9231383657
936.46049662 0.00362069425437 41335 270107.205855 16.4199022956 4324.79982209 2.75097479154 277924.45455 17.1815628437 338 0 0 0 0 28.0977026399 8.51870742634e-05 100.23181922 0.000115227541224 -0.0316907255035 -0.0849651774248 31.7816620043 0.00055776927967 1320.11135894 7799.19926218 0.465451149049 129.170688893 0.0774884529832 8140.90017899 0.506180635067 1727.56331288 0.0 0.0 0.0 0.0 0.795060886589 2.51189649815e-06 2.82539783154 3.72627990717e-06 0.891707581486 3.0827577431
1006.42218961 0.000632408831529 46043 275923.373081 15.6736755772 5757.25457171 2.32696252071 279111.525275 16.1828833698 366 0 0 0 0 25.5610667083 8.02395816955e-05 101.06658532 0.000102248621409 -0.689364633847 -2.66377566654 50.2939201393 0.00140350996811 1372.36146842 14512.1538228 0.811931493094 714.875696237 0.121314321908 17008.2636883 0.989052647367 1758.61053107 0.0 0.0 0.0 0.0 1.3186832023 4.27462673627e-06 5.21391432363 5.3660200433e-06 4.35353717899 16.7872449442
1118.40589603 -0.00199536034018 50494 276812.249444 15.5586727007 4781.31390701 1.79813258004 262339.413212 15.029297898 512 0 0 0 0 23.1281045924 7.11598907398e-05 105.237579289 8.32843753252e-05 -0.110620696871 -0.500613866649 32.4348855356 0.000379527282457 1167.4022443 9996.82626863 0.545115195224 399.36332561 0.0637552432425 34203.5856215 1.96084811308 2105.41421103 0.0 0.0 0.0 0.0 0.808035531313 2.76619700148e-06 3.65545643363 3.02131903364e-06 1.66804071723 7.32512631249
1206.15567601 0.000803900971793 54761 291798.430283 16.2713782029 5860.06988993 2.56709299382 292412.121551 16.6227087031 394 0 0 0 0 22.7400570495 8.46095158743e-05 98.6400407107 0.00011001580834 -0.0337449748258 -0.084028278668 33.7172560124 0.00128572371705 1276.2327374 8258.58193822 0.455896395087 542.365239679 0.0730115164185 12017.9245236 0.683512931033 1833.24139163 0.0 0.0 0.0 0.0 0.636612292913 2.44929779306e-06 2.76059270998 3.22389210624e-06 0.51874520828 2.17914526502
1233.84399329 0.00343379422051 59402 250732.226574 15.3133847868 4024.98179944 2.57263715763 254828.157984 15.8295820752 262 0 0 0 0 26.2942950857 8.74463002808e-05 93.7499011538 0.000110944392863 -1.47916097054 -5.08233290217 91.4629834319 0.000972503182494 1373.22758493 23944.8340422 1.45943176509 385.529689876 0.245021975688 27595.6308222 1.71502090365 1472.36850007 0.0 0.0 0.0 0.0 2.505495236 8.38387075595e-06 8.92957100061 1.07599293405e-05 6.46105116597 22.4021006887
1337.81023991 0.000585021715096 64275 264205.557289 15.0847363464 5545.69205491 2.2478137155 268724.601281 15.65911372 290 0 0 0 0 24.6876725758 7.79794288365e-05 97.6262427181 9.93863483596e-05 -1.38245966474 -5.34672960653 86.9169721298 0.00142078914006 1379.86702258 23021.996366 1.30406209009 809.388196966 0.194729865878 24291.4702861 1.41810231655 1533.4894848 0.0 0.0 0.0 0.0 2.13003191036 6.84408407654e-06 8.42309429746 8.65401992846e-06 6.07256018674 23.4046541925
1297.80546947 -0.0016968663569 68813 238432.249413 13.449175716 3882.35699633 1.47801027881 249807.051489 14.3152989027 184 0 0 0 0 20.225287591 6.0622533872e-05 92.0793022745 6.93029031729e-05 -0.0216488393546 -0.147098221693 206.277907548 0.000759490307413 1213.30128163 40385.002836 2.27443049375 700.769697253 0.24991764934 43291.9423376 2.48181834683 1323.29853019 0.0 0.0 0.0 0.0 3.42004077306 1.03008849618e-05 15.5664008021 1.17671050018e-05 0.945464856773 4.15771619525
148.248596517 0.00248683783151 1924 70556.9440636 8.63960587593 2119.27641858 1.20282696499 80235.3475204 10.0775654667 348 0 0 0 0 23.3357195806 0.000108565273134 96.7008982885 0.000193333753534 -0.00139597546382 -0.00453025872755 9.66833639408 0.000416425523385 473.138457536 1199.57567829 0.0859580872111 37.2398630948 0.0111193930648 1348.819173 0.1006446027 1712.59043557 0.0 0.0 0.0 0.0 0.218351283906 4.68558022761e-06 0.894913882442 3.82613907935e-06 0.0279258543381 0.0622660280918
206.707325373 0.00354284443743 5141 54052.9750867 7.66037627716 1323.69630235 0.96234688082 68155.2073255 9.86035186039 243 0 0 0 0 27.5134326646 0.000196180627069 91.7612726307 0.000173490074687 -0.760098367607 -2.4650931231 26.2923554735 0.000741708985348 1256.89140342 3733.54760582 0.495871669408 87.4750926455 0.061855640634 4735.99717129 0.669356555359 1516.8572774 0.0 0.0 0.0 0.0 1.77016698266 1.30911758652e-05 5.89849497307 1.1847211352e-05 4.75249036758 15.4153265054
294.68412552 0.000679521812573 9588 64900.6995835 8.43035958921 3273.38889289 1.47283324655 71927.4629988 9.80474331243 407 0 0 0 0 25.8590954597 0.00015427603295 96.2571666141 0.000196876624696 0.0143405719692 0.0244643737526 27.3885393947 0.00131334139509 1261.51020606 3770.04835721 0.46273817545 366.792854708 0.0809125498304 4277.0497224 0.547594981026 1852.04130623 0.0 0.0 0.0 0.0 1.41090800276 9.04693349046e-06 5.25153846639 1.13071351184e-05 0.0174629549674 0.0363313061512
375.834412792 -0.00187190986426 14112 64610.2812802 8.20434504269 2663.72947381 1.15067284026 71029.5327603 9.40155138632 253 0 0 0 0 22.9842478101 0.000158075359964 97.5875360512 0.000178364725341 -1.11906439013 -4.68370634969 33.2892407338 0.000534017329272 1269.30453399 4384.00794764 0.541256127329 237.409171483 0.0758335355706 4930.12337023 0.638536284443 1504.96943491 0.0 0.0 0.0 0.0 1.51333413995 1.17591769139e-05 6.42220229925 1.2057908397e-05 5.25471788276 21.6532410124
480.763175255 0.00111721508709 18689 67948.053885 8.40425795546 2233.76661537 1.18066089129 76919.072484 9.78926150635 303 0 0 0 0 22.8839318789 0.000116517097547 94.421657448 0.000193940342437 -0.0292132879374 -0.0576126815185 29.0537237142 0.00133509468172 1337.72044912 2376.44274791 0.273706466209 211.245989767 0.0384880825149 2669.77180846 0.323167334159 1654.35848594 0.0 0.0 0.0 0.0 0.739693596983 8.57979697624e-06 3.04837711177 7.83413402189e-06 0.367882896673 1.43319140799
573.098786649 0.00362018674693 23267 56375.7574102 8.09903728317 1549.12570483 1.00352409624 69463.4510609 10.2048416426 200 0 0 0 0 28.5437413767 0.000206673160782 95.1609739778 0.00018259218904 -0.00226352708512 0.00488321995047 28.1639338615 0.000573321446458 1269.59324195 1897.31333585 0.229473537224 48.2188225666 0.0280014787898 2318.52219281 0.30086733734 1321.28195326 0.0 0.0 0.0 0.0 0.800226868989 6.63980388511e-06 2.65643070632 6.07428629496e-06 0.0774466784907 0.136973488955
662.485891373 0.000747052400403 27696 66060.2795143 8.57127223751 3309.47685212 1.36521070603 73381.552625 9.99883472704 337 0 0 0 0 26.4048165864 0.000177735887854 98.2327634094 0.000202621405625 0.0116482432845 0.0234556115541 28.4821826375 0.0013167256249 1262.95368086 2454.19519445 0.297643168004 324.775363077 0.0477140793302 2737.94703586 0.349545359412 1703.30707742 0.0 0.0 0.0 0.0 0.908852802669 7.02115440518e-06 3.38077622316 7.5582391686e-06 0.0121478220103 0.0372445390729
737.222005458 -0.0020343194213 32296 65516.3553246 8.30490994664 2787.44185574 1.04879417969 71781.9215629 9.47677998922 222 0 0 0 0 23.2863466814 0.000161062734128 98.8721786079 0.000181251405827 -1.05766115664 -4.36516423789 36.7067828395 0.000459057369567 946.565370167 3596.59871638 0.438256184173 181.964606106 0.0552193954327 4036.28198878 0.515495944639 1454.68622046 0.0 0.0 0.0 0.0 1.22544097279 9.49249749104e-06 5.20071478924 9.90244479402e-06 5.10205181797 20.9253952113
845.50854005 0.000873181229992 36620 69481.6454947 8.6127627852 2621.19584523 1.16009183118 77608.590509 9.91250410096 295 0 0 0 0 23.06275688 0.000127347010526 95.2173862493 0.000196332440282 -0.0642062550147 -0.187240496386 30.3781747092 0.00137437277997 1376.40292066 1984.11806669 0.208944623776 251.503726813 0.0282669916707 2251.66152027 0.244665455296 1621.03824754 0.0 0.0 0.0 0.0 0.549865865913 8.29851599846e-06 2.26766377878 6.84387225055e-06 0.9529123316 3.73160716329
936.46049702 0.00362109432493 41335 56984.583761 8.12707086697 1556.10870934 1.00346934634 70299.4709385 10.2558870703 236 0 0 0 0 28.5394580666 0.000204507075821 95.1401006622 0.000180455869922 -0.0321330475984 -0.0805014380555 31.7816620845 0.000557826939649 1320.11135894 1891.97563661 0.232736886595 46.4696529833 0.0282653835838 2243.48141258 0.304902925245 1489.89227799 0.0 0.0 0.0 0.0 0.808009844051 6.2875147407e-06 2.68138114859 5.89121227944e-06 0.907870228271 2.93509522637
1006.42218978 0.000632586289662 46043 63200.5448225 8.17316185972 2877.47644521 1.17812746798 71582.9136599 9.68904433955 268 0 0 0 0 25.9248330099 0.000149033128151 96.5438785176 0.000193887765917 -0.702902930259 -2.53853138846 50.2939200338 0.00140371453252 1372.36146842 3573.97854788 0.427165056165 357.506702484 0.0614206360267 4567.77113613 0.595984552008 1536.6704266 0.0 0.0 0.0 0.0 1.33751749107 8.30568172449e-06 4.98041949621 1.05221702665e-05 4.43855831194 16.0061208119
1118.40589563 -0.00199576146969 50494 67084.2463372 8.46745556634 2812.75306438 1.06802204399 66873.0994799 8.78752955178 507 0 0 0 0 23.6557048858 0.000165971750764 100.645904023 0.000183155878783 -0.11304392899 -0.478346426235 32.4348854751 0.000379567766553 1167.4022443 2940.37366414 0.300090699682 234.835222551 0.0378693393669 8934.21135478 1.14744890329 2100.43638323 0.0 0.0 0.0 0.0 0.822580428292 8.2408328291e-06 3.49471880446 7.85061542687e-06 1.70429648027 6.99214214943
1206.15567581 0.00080370003467 54761 68504.4031805 8.44513086721 2386.25060077 1.06094511249 76674.0027797 9.7278027473 286 0 0 0 0 22.9393296068 0.000118039503542 94.8093094053 0.000194969794784 -0.0339471198311 -0.0818353799332 33.7172561466 0.00128589780571 1276.2327374 2514.70017533 0.243240850306 221.070818453 0.0301740653885 3621.58125863 0.405410597794 1596.69283208 0.0 0.0 0.0 0.0 0.6428783952 6.90634288166e-06 2.65630337918 6.94313475477e-06 0.530406517246 2.07279118697
1233.84399366 0.00343416782765 59402 51996.4313167 7.53690297678 1448.39707048 0.938427622964 63349.7739483 9.39519826229 192 0 0 0 0 26.6892660815 0.000195381355002 88.9740052515 0.000172366075648 -1.50589338785 -4.83830638824 91.4629834868 0.000972613321272 1373.22758493 5361.71679925 0.722704892897 138.733060733 0.0893773118115 7163.26586523 1.0226619539 1283.14613353 0.0 0.0 0.0 0.0 2.54321669248 1.9589660475e-05 8.47451186803 1.75884905636e-05 6.57901467241 21.3262802562
1337.81024008 0.000585188262166 64275 60656.9009169 8.04598091237 3167.83180841 1.29737719804 67085.0387029 9.34987403937 250 0 0 0 0 25.0722778072 0.000173340882925 93.2826017356 0.00019755037734 -1.40957954544 -5.09658070867 86.9169720735 0.00142099657728 1379.86702258 5364.99215235 0.696444112822 462.542177113 0.112392614261 6174.65888157 0.847725611521 1436.29593051 0.0 0.0 0.0 0.0 2.16325303299 1.54299883593e-05 8.04822178592 1.73456739224e-05 6.19106826452 22.3154526826
1297.80546911 -0.00169723291706 68813 56878.8635433 7.32177720171 2426.55347458 0.932274302414 62086.6912919 8.31979545808 184 0 0 0 0 20.6954830488 0.000150020862827 88.0184522966 0.000163946869821 -0.0224352316646 -0.139957868633 206.277907485 0.000759627384753 1213.30128163 9677.51995796 1.23838579763 438.030370739 0.157638762953 10800.731293 1.44258940529 1329.05643221 0.0 0.0 0.0 0.0 3.49880762692 2.55261483099e-05 14.8796696002 2.78982698674e-05 0.965955317584 3.96894746036
148.248598098 0.00248841868219 1924 3029539.97056 47.9111191597 9525.4249459 6.33653884839 3030510.74771 47.9077195871 397 0 0 0 0 15.0755550779 1.98235475787e-05 64.7856238414 3.58369459157e-05 -0.00142993146019 -0.00461293446972 9.66833680726 0.000416839084545 473.138457536 28036.9232231 0.441200861256 166.956704222 0.0585695721183 27925.4056443 0.442476821442 1798.43598718 0.0 0.0 0.0 0.0 0.140704185603 2.55303245893e-07 0.595755545034 5.11378457656e-07 0.0279300853457 0.0641747422822
206.707328101 0.00354557261456 5141 2707732.57556 44.2838047669 8170.26005675 6.95055425567 2701633.76056 44.2534761749 425 0 0 0 0 19.4664132733 2.06983343806e-05 62.9715046882 3.20022855341e-05 -0.543708065943 -1.69971953455 26.2923554492 0.000742291309558 1256.89140342 174050.929216 2.84634472119 539.813775314 0.446752116506 182274.235394 2.98574502742 1910.43162662 0.0 0.0 0.0 0.0 1.25325340395 1.35124503013e-06 4.04842185936 2.05805056408e-06 3.39642666503 10.6190862256
294.684125576 0.000679577816495 9588 2836901.11894 45.003836689 10110.2974987 5.30432618095 2836381.57254 45.0458749793 592 0 0 0 0 17.7594205084 1.97611658914e-05 66.9062949099 2.77188689888e-05 0.0148900875428 0.024952877172 27.388538212 0.00131460306245 1261.51020606 154847.702894 2.4553350986 1128.59677415 0.291406351042 157499.371149 2.50131067014 2183.84683529 0.0 0.0 0.0 0.0 0.968968730799 1.18649307835e-06 3.65049567688 1.51452360316e-06 0.0197158429028 0.0359694814832
375.834410292 -0.00187441027901 14112 2798073.4345 44.3813557758 11522.6424755 5.80153856826 2793472.16227 44.3985991618 360 0 0 0 0 14.8011722151 1.69073662551e-05 68.4235062646 2.72302768487e-05 -0.726795101771 -3.30816862449 33.2892406975 0.000534659460954 1269.30453399 184158.933256 2.9209057757 1024.68726749 0.38233912935 189283.21158 3.00846986782 1739.7726863 0.0 0.0 0.0 0.0 0.97803035372 1.11434506714e-06 4.50369263555 1.91910517509e-06 3.4464380723 15.2876628772
